 -0.57 9.36 3.20 1.70 3.67 9.28 7.48 2.76 14.35 11.35 -9.05 6.12 -5.59 3.74 4.14 0.09 -6.90 2.63 10.51 4.02 6.91 15.98 6.78 4.95 7.20 0.53 6.16 4.70 6.68 9.85
 -0.85 8.40 3.09 1.55 3.69 9.49 8.46 3.18 14.71 11.08 -8.34 5.63 -4.70 3.31 4.58 0.20 -7.62 3.43 11.53 4.79 7.53 17.16 8.08 5.17 7.63 0.29 6.91 5.50 8.05 10.12
 -0.97 7.70 3.23 1.51 3.68 9.71 9.34 3.84 14.94 10.86 -7.39 5.50 -3.63 3.07 4.94 0.66 -7.89 4.32 12.55 5.38 8.20 18.22 9.23 5.42 8.13 0.08 7.30 6.29 9.26 10.28
 -1.02 7.54 3.58 1.57 3.88 10.17 10.56 4.59 15.63 11.02 -6.61 5.43 -2.56 3.11 5.44 1.38 -8.03 5.04 13.86 6.24 9.12 19.48 10.60 5.65 8.85 0.40 8.05 7.44 10.56 11.17
 -0.45 7.72 4.66 2.15 4.53 10.98 12.22 5.61 16.50 11.57 -4.66 5.93 -0.89 3.97 6.49 2.60 -7.15 6.34 15.57 7.67 10.45 21.00 12.26 6.43 10.10 1.20 8.98 8.79 12.45 12.26
 0.32 8.45 6.13 2.99 5.36 12.10 14.30 6.98 17.92 12.74 -2.70 6.80 0.84 5.46 7.62 4.17 -5.93 7.77 17.44 9.35 12.11 23.03 14.28 7.14 11.41 2.26 10.23 10.43 14.55 13.94
 1.04 9.04 7.69 3.91 6.16 13.22 16.32 8.00 18.98 13.82 -0.50 7.61 2.56 7.02 8.74 5.80 -4.47 8.91 19.09 10.99 13.63 24.67 16.04 7.74 12.67 3.39 11.15 11.87 16.50 15.49
 1.94 9.95 9.31 4.93 6.96 14.30 18.35 9.14 20.32 15.12 1.77 8.51 4.43 8.82 9.86 7.44 -2.85 10.00 20.72 12.71 15.18 26.26 17.90 8.20 13.86 4.65 12.17 13.30 18.42 17.22
 3.14 11.15 11.15 6.25 8.05 15.50 20.59 10.42 21.57 16.52 4.44 9.78 6.57 11.06 11.27 9.45 -0.63 11.19 22.42 14.60 16.71 27.81 19.66 8.93 15.27 6.20 13.34 15.01 20.40 19.00
 4.33 12.36 13.27 7.66 9.13 16.78 22.93 11.67 23.19 18.25 7.11 11.19 8.52 13.56 12.69 11.40 1.85 12.63 23.95 16.58 18.27 29.38 21.46 9.51 16.66 7.85 14.49 16.52 22.37 20.84
 5.38 13.20 14.82 8.91 9.95 17.74 24.66 12.64 24.30 19.47 9.45 12.08 10.33 15.55 13.69 13.00 3.71 13.30 24.96 17.82 19.42 30.32 22.79 9.77 17.45 8.99 15.15 17.59 23.80 22.09
 6.68 14.28 16.57 10.29 10.78 18.67 26.59 13.68 25.70 20.93 11.81 13.45 11.92 17.99 14.90 14.81 6.05 14.25 26.06 19.39 20.56 31.33 24.11 9.97 18.57 10.39 15.78 18.87 25.21 23.49
 7.73 15.13 18.15 11.69 11.63 19.61 28.46 14.45 27.22 22.48 13.86 14.62 13.43 20.24 16.14 16.24 7.85 15.02 27.16 20.73 21.83 32.35 25.35 10.19 19.37 11.58 16.65 19.87 26.65 24.64
 8.69 15.52 19.18 12.91 12.12 20.06 29.48 15.07 27.97 23.29 15.57 15.42 14.50 21.83 16.94 17.21 9.42 15.19 27.36 21.48 22.23 32.48 25.94 10.06 19.78 12.36 16.90 20.33 27.28 25.16
 9.73 16.05 20.39 14.27 12.71 20.64 30.89 15.59 29.26 24.56 17.31 16.57 15.52 23.80 17.92 18.37 11.00 15.87 27.92 22.53 23.15 32.96 26.68 10.17 20.34 13.42 17.62 21.01 28.27 25.88
 10.93 16.42 21.40 15.78 13.34 21.21 31.81 16.26 29.97 25.50 18.79 17.40 16.54 25.43 18.79 19.29 12.34 16.29 28.06 23.15 23.71 33.16 27.18 10.35 20.61 14.09 17.84 21.44 28.85 26.19
 11.42 16.22 21.76 16.49 13.39 21.05 32.01 16.29 30.26 25.71 19.63 17.76 16.81 26.29 19.13 19.64 12.93 16.21 27.52 23.33 23.64 32.68 27.09 10.14 20.35 14.51 17.83 21.36 28.77 25.88
 12.60 16.47 22.54 17.89 13.87 21.51 32.72 17.02 30.90 26.42 20.81 18.55 17.61 27.48 19.74 20.29 13.78 16.78 27.58 23.81 24.19 32.79 27.48 10.52 20.53 15.19 18.07 21.71 29.07 26.11
 13.19 16.17 23.02 18.76 14.20 21.52 32.83 17.13 31.21 26.71 21.62 19.07 17.92 28.53 20.14 20.54 14.14 17.03 27.18 24.01 24.48 32.59 27.48 10.75 20.39 15.57 18.31 21.75 29.15 25.81
 12.60 14.68 22.28 18.23 13.18 20.46 32.13 16.04 30.45 26.23 21.27 18.26 16.93 28.36 19.41 19.43 13.25 16.33 25.92 23.27 23.68 31.80 26.51 9.77 19.30 14.71 17.40 20.71 28.39 24.76
 12.66 13.83 21.88 18.19 12.77 19.87 31.16 15.63 29.63 25.52 21.10 17.83 16.66 28.21 18.88 18.85 12.80 15.95 24.74 22.62 23.02 30.69 25.66 9.46 18.33 14.27 16.87 19.96 27.52 23.64
 13.07 13.31 22.17 18.67 12.89 19.98 31.09 15.70 29.69 25.75 21.53 17.98 16.88 28.60 18.99 18.79 12.73 16.30 24.19 22.77 23.23 30.68 25.58 9.86 18.25 14.44 16.88 19.90 27.50 23.40
 12.83 12.34 21.75 18.42 12.44 19.43 30.18 15.13 28.89 25.11 21.38 17.41 16.34 28.44 18.47 18.08 12.30 16.12 23.19 22.15 22.71 29.95 24.81 9.53 17.46 13.96 16.44 19.08 26.78 22.40
 12.31 10.96 21.17 17.82 11.75 18.65 29.01 14.24 27.87 24.37 20.73 16.69 15.61 27.90 17.59 17.09 11.50 15.71 21.74 21.38 22.08 29.05 23.84 9.18 16.51 13.17 15.66 18.11 25.93 21.25
 12.19 9.86 21.05 17.46 11.49 18.33 28.33 13.68 27.25 24.08 20.69 16.14 15.19 27.87 17.07 16.51 11.14 15.73 20.83 21.04 21.74 28.69 23.38 9.10 15.87 12.78 15.39 17.35 25.58 20.43
 11.81 8.79 20.60 16.96 11.07 17.78 27.19 12.98 26.14 23.39 20.32 15.43 14.67 27.17 16.28 15.70 10.69 15.53 19.50 20.23 21.16 27.83 22.46 9.00 15.12 12.17 14.81 16.38 24.71 19.33
 11.27 7.53 19.96 16.31 10.51 17.14 25.71 12.17 24.77 22.40 19.63 14.48 13.89 26.13 15.28 14.61 9.92 15.03 18.07 19.18 20.31 26.86 21.48 8.62 14.07 11.27 14.06 15.18 23.73 18.02
 10.60 6.16 19.46 15.65 10.15 16.41 24.61 11.22 23.59 21.82 19.25 13.62 13.09 25.53 14.46 13.61 9.34 14.72 16.77 18.50 19.69 26.12 20.64 8.28 13.20 10.51 13.55 14.10 23.10 16.81
 9.91 4.88 18.82 14.74 9.69 15.71 23.18 10.18 22.17 20.84 18.50 12.53 12.18 24.39 13.42 12.45 8.60 14.16 15.26 17.41 18.81 25.08 19.45 7.89 12.13 9.58 12.86 12.74 22.10 15.42
 8.79 3.32 17.88 13.59 8.91 14.58 21.40 8.83 20.39 19.69 17.47 11.19 10.85 23.03 12.13 11.09 7.56 13.34 13.54 16.20 17.79 23.86 18.11 7.25 10.83 8.27 12.00 11.21 20.91 13.78
 8.41 2.80 17.72 13.21 8.83 14.33 20.70 8.39 19.64 19.25 17.02 10.81 10.26 22.48 11.57 10.46 7.25 13.22 12.78 15.74 17.45 23.46 17.66 7.31 10.36 7.86 11.82 10.51 20.55 13.11
 7.21 1.30 16.90 12.17 8.12 13.38 19.19 7.09 18.00 18.23 16.14 9.61 8.89 21.29 10.37 9.28 6.24 12.44 11.15 14.58 16.52 22.25 16.44 6.47 9.02 6.63 10.90 9.09 19.53 11.61
 6.68 0.76 16.35 11.62 7.99 12.72 18.03 6.43 16.78 17.52 15.40 8.89 8.13 20.33 9.67 8.47 5.78 12.16 10.09 13.87 15.97 21.27 15.57 6.35 8.21 5.88 10.61 8.19 18.72 10.54
 6.00 0.01 15.95 11.09 7.87 12.23 17.17 5.79 15.72 16.96 14.86 8.27 7.26 19.65 9.04 7.73 5.20 11.87 9.20 13.37 15.51 20.66 14.91 6.15 7.49 5.23 10.39 7.36 18.17 9.65
 5.20 -0.83 15.31 10.29 7.50 11.45 16.04 4.96 14.44 16.25 14.12 7.34 6.17 18.75 8.11 6.88 4.47 11.35 7.87 12.55 14.79 19.44 14.00 5.62 6.52 4.24 9.97 6.44 17.30 8.47
 4.43 -1.33 14.94 9.65 7.24 10.91 15.25 4.22 13.55 15.82 13.51 6.82 5.30 18.08 7.52 6.20 4.03 11.02 7.17 12.10 14.35 18.75 13.34 5.29 5.87 3.55 9.74 5.77 16.80 7.75
 4.08 -1.41 14.65 9.36 7.43 10.57 14.73 3.83 12.95 15.53 13.06 6.53 4.61 17.63 7.28 5.80 3.75 11.03 6.82 11.91 14.06 18.15 12.82 5.28 5.55 3.20 9.96 5.41 16.51 7.28
 3.68 -1.77 14.31 8.89 7.38 10.19 14.15 3.43 12.25 15.28 12.65 6.13 3.93 17.11 7.01 5.41 3.36 10.87 6.31 11.67 13.82 17.61 12.37 5.11 5.13 2.70 10.21 5.11 16.19 6.78
 3.05 -2.09 13.62 8.14 7.13 9.53 13.33 2.81 11.46 14.70 11.83 5.60 2.94 16.29 6.41 4.76 2.81 10.54 5.71 11.07 13.25 16.69 11.57 4.67 4.66 2.04 10.13 4.54 15.45 6.09
 2.35 -2.43 12.97 7.40 6.86 8.92 12.90 2.04 10.90 14.30 11.05 5.02 1.98 15.75 6.03 4.16 2.30 10.17 5.33 10.75 12.73 15.96 10.94 4.18 4.21 1.41 10.14 4.18 14.90 5.57
 2.34 -2.27 12.81 7.30 7.12 8.86 12.71 2.05 10.71 14.39 10.92 4.96 1.62 15.54 6.10 4.15 2.38 10.32 5.35 10.79 12.69 15.64 10.79 4.26 4.41 1.38 10.65 4.30 14.80 5.45
 1.66 -2.68 12.07 6.35 6.72 8.13 12.27 1.34 10.35 14.05 9.88 4.48 0.61 14.86 5.66 3.57 1.76 9.97 5.17 10.30 12.04 15.12 10.08 3.71 4.17 0.69 10.77 4.00 14.17 5.01
 1.69 -2.41 11.81 6.12 6.86 7.97 12.39 1.39 10.40 14.14 9.79 4.60 0.37 14.63 6.07 3.58 1.91 10.15 5.71 10.59 12.05 14.91 10.16 3.80 4.64 0.87 11.53 4.30 14.29 5.17
 1.65 -2.29 11.52 5.76 6.98 7.74 12.43 1.22 10.29 14.09 9.46 4.48 0.03 14.30 6.14 3.53 2.02 10.14 6.02 10.55 11.70 14.66 9.79 3.68 5.00 0.80 11.99 4.47 14.09 5.21
 1.34 -2.14 11.12 5.28 6.84 7.47 12.61 0.92 10.54 14.18 8.87 4.49 -0.54 13.95 6.23 3.37 1.90 10.07 6.39 10.66 11.54 14.73 9.58 3.53 5.57 0.73 12.67 4.67 14.04 5.36
 1.87 -1.66 11.15 5.33 7.25 7.60 12.97 1.25 10.89 14.59 8.91 4.91 -0.31 13.98 6.87 3.67 2.48 10.47 7.18 11.02 11.57 14.90 9.72 3.92 6.46 1.27 13.59 5.38 14.20 5.89
 1.98 -1.40 11.05 5.02 7.40 7.54 13.46 1.21 11.36 14.84 8.73 5.15 -0.38 13.89 7.37 3.70 2.79 10.61 8.05 11.41 11.64 15.22 9.81 4.09 7.38 1.63 14.39 6.00 14.63 6.40
 1.93 -1.33 10.91 4.68 7.33 7.36 13.87 1.10 11.77 15.12 8.49 5.26 -0.71 13.76 7.67 3.59 3.01 10.54 8.68 11.72 11.45 15.42 9.81 4.10 8.17 1.83 15.14 6.37 14.93 6.76
 2.52 -0.63 11.30 4.95 7.95 7.63 14.90 1.50 12.77 16.03 8.92 6.07 -0.29 14.28 8.84 4.10 3.83 11.25 10.29 12.68 11.98 16.36 10.45 4.84 9.73 2.77 16.49 7.53 16.02 7.81
 2.80 -0.20 11.53 4.83 8.25 7.86 15.91 1.71 13.66 16.73 9.08 6.69 -0.26 14.47 9.64 4.30 4.41 11.59 11.58 13.41 12.30 17.06 10.89 5.33 11.13 3.46 17.58 8.48 17.06 8.76
 3.51 0.79 12.11 5.26 8.73 8.35 17.18 2.38 15.07 17.84 9.64 7.83 0.44 15.40 10.85 5.08 5.55 12.27 13.33 14.53 12.98 18.23 11.66 6.33 12.87 4.68 18.75 9.75 18.43 10.16
 4.70 2.11 13.28 6.03 9.92 9.33 18.99 3.38 16.75 19.33 10.85 9.33 1.55 16.79 12.67 6.19 7.16 13.55 15.68 16.34 14.28 19.93 13.08 7.95 15.19 6.41 20.63 11.67 20.56 12.09
 5.61 3.06 14.32 6.61 11.00 10.02 20.64 4.11 18.37 20.96 11.91 10.72 2.25 18.07 14.47 7.01 8.53 14.62 18.03 18.04 15.43 21.52 14.30 9.42 17.37 7.99 22.46 13.40 22.81 13.76
 6.29 3.95 14.99 6.94 11.59 10.43 21.83 4.58 19.62 21.97 12.61 11.88 2.91 19.09 15.82 7.66 9.72 15.44 19.97 19.35 16.27 22.60 15.21 10.76 19.19 9.37 23.58 14.79 24.44 15.34
 7.87 5.71 16.92 8.13 13.33 11.85 24.57 5.97 22.17 24.33 14.71 14.21 4.42 21.59 18.54 9.22 12.03 17.36 23.42 22.02 18.36 25.23 17.55 13.14 22.13 11.88 25.97 17.39 27.95 18.18
 9.06 7.33 18.23 9.20 14.66 12.90 26.53 7.18 24.05 26.00 16.24 16.06 5.72 23.57 20.55 10.48 13.88 18.87 26.13 24.10 19.96 27.21 19.28 15.12 24.43 13.86 27.60 19.52 30.50 20.41
 10.84 9.48 20.35 10.75 16.57 14.50 29.17 8.82 26.50 28.34 18.43 18.52 7.50 26.28 23.23 12.45 16.53 21.02 29.36 26.74 22.22 29.79 21.49 17.84 27.34 16.55 29.85 22.11 33.77 23.28
 12.59 11.72 22.85 12.40 18.73 16.35 32.56 10.62 29.62 31.26 21.17 21.32 9.44 29.70 26.39 14.53 19.18 23.56 33.34 29.95 25.08 33.24 24.49 20.71 30.48 19.33 32.37 25.17 37.79 26.74
 14.54 14.27 25.16 14.19 20.86 18.25 35.32 12.54 32.41 33.85 23.61 24.11 11.34 32.80 29.32 16.76 22.00 26.26 36.88 32.95 27.78 36.11 27.14 23.72 33.38 22.23 34.70 28.01 41.25 29.87
 17.61 17.84 28.45 17.25 24.22 21.29 39.28 15.72 36.01 37.39 27.55 27.84 14.69 36.95 33.27 20.09 25.86 29.75 41.37 36.85 31.66 40.16 31.12 27.76 37.12 26.15 37.88 31.93 45.78 34.06
 19.01 19.90 30.37 18.82 26.01 22.70 41.77 17.29 38.31 39.44 29.89 30.18 16.38 39.84 35.64 22.20 28.41 31.98 44.35 39.33 33.96 42.74 33.45 30.08 39.29 28.52 39.39 34.29 48.67 36.70
 21.66 23.32 33.19 21.48 28.78 25.38 44.94 20.21 41.47 42.35 33.02 33.62 19.29 43.32 38.77 25.23 31.67 35.18 47.82 42.52 37.36 46.08 36.77 33.31 42.09 31.73 41.58 37.36 51.95 40.17
 24.25 26.59 36.34 24.36 31.65 28.07 48.53 23.13 44.99 45.61 36.41 37.17 22.13 47.44 42.11 28.55 35.26 38.77 51.52 46.09 40.93 49.85 40.33 36.77 45.25 35.08 44.13 40.63 55.75 43.88
 28.30 31.38 40.47 28.67 35.68 32.21 52.75 27.59 49.29 49.69 40.71 41.98 26.58 52.11 46.28 33.34 40.03 43.44 55.76 50.29 45.49 54.14 44.77 41.07 49.12 39.51 47.36 44.83 59.75 48.33
 29.75 33.56 42.30 30.63 37.30 34.09 54.76 29.76 51.32 51.50 42.60 44.18 28.53 54.28 47.86 35.69 42.20 45.62 57.53 52.16 47.69 56.24 46.79 42.76 50.60 41.31 48.12 46.43 61.39 50.44
 33.26 37.75 46.01 34.54 40.70 37.85 58.59 34.02 55.32 55.17 46.34 48.56 32.49 58.49 51.26 40.12 46.38 49.91 61.27 55.91 51.89 60.29 50.90 46.32 53.93 45.06 50.80 50.14 64.90 54.38
 37.73 42.69 50.81 39.54 45.14 42.66 63.34 39.38 60.25 59.84 50.92 53.85 37.42 63.47 55.43 45.53 51.34 55.03 65.47 60.55 56.91 65.05 55.78 50.57 58.22 49.57 54.32 54.59 69.09 59.06
 40.32 45.74 53.44 42.64 47.26 45.63 66.00 42.87 63.13 62.33 53.29 56.94 40.39 66.27 57.31 48.85 54.10 58.11 67.44 62.80 59.79 67.75 58.60 52.53 60.19 51.87 55.57 56.89 70.79 61.64
 42.46 48.14 55.41 45.14 48.81 47.86 67.45 45.89 64.94 63.84 54.85 59.35 42.92 67.79 58.20 51.73 56.19 60.42 68.21 64.06 61.69 69.18 60.36 53.87 61.38 53.61 55.97 58.21 71.20 63.20
 44.11 49.87 56.97 47.20 49.75 49.77 68.58 48.48 66.35 65.00 55.95 61.23 44.84 68.89 58.56 53.90 57.75 61.97 68.63 64.83 63.04 70.28 61.81 54.45 62.13 54.72 55.93 59.30 71.29 64.30
 47.26 53.14 59.84 50.65 52.15 52.84 71.07 52.54 69.23 67.50 58.49 64.56 48.16 71.40 60.41 57.53 60.84 65.28 70.36 66.91 65.87 72.63 64.47 56.62 64.46 57.39 57.31 61.60 72.55 66.73
 49.84 55.77 62.37 53.60 53.86 55.58 73.19 56.06 71.68 69.57 60.22 67.28 51.00 73.34 61.43 60.54 63.22 67.93 71.64 68.45 68.05 74.62 66.67 58.01 66.05 59.38 58.15 63.61 73.22 68.59
 52.67 58.27 64.34 56.50 55.39 58.06 74.17 59.32 73.22 70.82 61.73 69.39 53.65 74.17 61.98 63.13 65.19 69.82 71.91 69.00 69.48 75.34 68.13 59.25 67.34 61.12 58.79 64.88 72.86 69.58
 54.10 59.85 65.73 58.16 55.76 59.50 75.30 61.38 74.67 71.82 62.35 70.88 55.03 75.04 61.70 64.92 66.35 71.24 72.24 69.31 70.42 76.31 68.94 59.46 67.93 61.93 58.41 65.71 72.38 70.45
 53.74 59.23 64.74 57.87 54.14 58.73 73.54 61.23 73.42 70.01 60.70 69.78 54.60 73.09 59.24 64.24 65.31 70.01 69.60 66.88 68.70 74.22 67.27 57.48 66.24 60.61 56.01 63.92 68.93 68.39
 55.01 60.70 65.71 59.28 54.29 59.79 73.69 62.69 74.11 70.41 60.96 70.57 55.71 73.10 58.63 65.43 66.09 70.79 69.23 66.63 68.90 74.23 67.33 57.53 66.44 61.27 55.56 64.29 67.61 68.61
 56.71 62.49 67.22 61.09 54.81 61.38 74.82 64.32 75.67 71.27 61.43 71.73 57.17 73.96 58.49 66.89 67.43 71.98 69.44 66.61 69.65 75.03 67.99 57.83 67.28 62.31 55.72 64.92 66.95 69.14
 54.82 61.10 65.27 59.52 52.01 59.53 72.23 62.45 73.64 68.74 58.50 69.42 55.18 71.14 55.02 64.96 65.18 69.74 66.37 63.36 66.80 72.24 65.04 54.94 64.78 59.97 52.46 62.30 62.80 66.45
 54.40 60.90 64.60 59.24 50.67 58.87 70.73 61.54 72.61 67.31 57.07 68.20 54.53 69.66 53.00 63.99 64.38 68.54 64.40 61.18 65.06 70.47 63.12 53.47 63.38 58.96 50.88 60.73 59.96 64.69
 56.00 63.09 66.06 61.00 51.72 60.51 71.47 62.71 73.75 68.11 57.55 69.16 56.05 70.36 53.50 65.30 65.65 69.49 64.64 61.39 65.75 70.96 63.53 54.21 64.31 60.20 51.46 61.43 59.58 65.44
 52.10 60.06 62.53 57.45 47.10 56.80 67.41 58.28 70.34 63.97 52.75 64.96 51.92 66.46 48.45 61.31 61.78 65.46 59.85 56.54 61.18 66.70 58.59 49.50 60.02 56.22 46.97 56.81 54.07 60.95
 50.15 58.98 60.57 55.64 44.79 54.91 64.65 55.81 67.93 61.30 49.71 62.45 49.93 63.73 45.71 59.04 59.74 63.05 56.68 53.21 58.26 63.73 55.37 47.01 57.65 54.08 44.43 53.97 50.31 58.33
 47.85 57.97 58.55 53.70 42.38 53.01 61.94 52.93 65.90 58.64 46.43 59.83 47.58 61.34 42.91 56.73 57.58 60.51 53.65 50.12 55.44 60.86 52.10 44.27 55.09 51.93 41.99 51.10 46.82 55.73
 44.84 55.93 55.77 50.82 39.28 50.32 58.54 49.09 62.67 55.37 42.59 56.33 44.46 58.13 39.60 53.47 54.57 57.15 49.77 46.21 51.82 57.37 48.02 41.02 51.93 48.75 38.93 47.35 42.95 52.36
 41.84 53.94 52.69 47.76 36.41 47.54 54.80 45.14 59.55 51.77 38.53 52.99 41.33 54.91 36.51 50.22 51.60 53.83 46.03 42.56 48.24 53.62 43.92 37.78 48.73 45.87 36.15 43.73 39.18 48.99
 38.89 52.09 49.73 44.73 33.70 44.85 51.27 41.35 56.33 48.35 34.66 49.70 38.16 51.94 33.56 46.95 48.77 50.54 42.31 38.89 44.82 50.13 39.96 34.75 45.68 43.00 33.48 40.07 35.68 45.74
 35.13 49.27 46.02 40.69 30.38 41.42 47.07 36.68 52.72 44.45 30.08 45.72 34.08 48.39 30.22 43.02 44.80 46.71 38.23 34.97 41.06 46.31 35.50 31.22 41.94 39.40 30.53 36.09 32.08 41.98
 32.03 47.23 42.64 37.30 27.69 38.55 43.08 32.77 49.17 40.77 25.97 42.36 30.80 45.17 27.37 39.51 41.61 43.33 34.51 31.38 37.63 42.68 31.54 28.31 38.69 36.26 27.92 32.46 28.91 38.64
 28.57 44.22 38.75 33.35 24.94 35.24 38.67 28.58 45.23 36.75 21.61 38.58 27.09 41.53 24.61 35.61 37.57 39.56 30.86 27.94 34.13 38.95 27.39 25.28 35.20 32.85 25.41 28.82 25.84 35.02
 24.62 41.11 34.45 29.14 21.68 31.59 34.02 24.04 41.07 32.35 16.81 34.63 23.06 37.64 21.31 31.46 33.39 35.60 26.82 23.97 30.36 34.95 23.01 21.92 31.26 28.95 22.26 24.81 22.28 31.17
 19.85 36.38 29.12 23.88 17.80 26.94 28.47 18.69 35.93 27.29 11.41 29.68 18.09 32.88 17.51 26.32 27.81 30.55 22.26 19.63 25.85 30.39 18.05 17.77 26.51 24.06 18.69 20.20 18.58 26.44
 16.87 33.68 25.57 20.71 15.65 24.28 24.62 15.58 32.59 23.86 7.70 26.72 15.13 29.64 15.46 22.97 24.00 27.57 19.73 16.97 23.20 27.69 14.94 15.66 23.55 21.06 16.81 17.43 16.31 23.59
 13.08 29.67 21.20 16.49 12.86 20.72 20.32 11.77 28.35 19.87 3.45 23.02 11.51 25.69 12.91 18.94 19.26 23.69 16.80 14.11 19.99 24.53 11.65 12.85 19.97 17.18 14.44 14.24 13.94 20.19
 9.09 25.28 16.53 12.33 9.83 17.04 15.83 7.82 24.20 15.92 -0.77 19.26 7.76 21.62 10.24 14.73 14.25 19.77 13.83 10.96 16.57 21.35 8.09 9.86 16.26 13.16 11.88 11.03 11.30 16.71
 6.36 21.66 13.22 9.32 8.06 14.44 12.68 5.34 20.92 12.91 -3.67 16.65 5.21 18.50 8.72 11.74 10.30 16.90 12.13 9.24 14.56 19.43 6.26 8.12 13.65 10.05 10.34 8.95 9.91 14.12
 3.42 17.67 9.47 6.03 6.02 11.72 9.31 2.88 17.80 10.07 -6.49 13.80 2.76 15.11 7.16 8.61 6.29 13.94 10.41 7.45 12.23 17.33 4.16 6.17 11.04 7.16 9.01 6.98 8.50 11.67
 0.58 13.81 6.39 3.25 4.21 9.41 6.77 0.77 14.76 7.34 -8.89 11.37 0.62 11.98 5.71 5.97 2.40 11.27 9.51 5.94 10.56 15.97 2.93 4.58 8.58 4.16 7.49 5.18 7.46 9.53
 -1.04 10.97 4.06 1.19 3.34 7.75 4.83 -0.36 12.92 5.91 -10.49 9.79 -0.71 9.63 5.24 4.18 -0.08 9.50 9.33 5.36 9.52 15.10 2.36 3.91 7.41 2.60 7.34 4.56 7.02 8.32
 -2.90 7.76 2.30 -0.60 2.35 6.48 3.69 -1.41 11.29 4.58 -11.45 8.48 -1.82 7.70 4.79 2.66 -2.73 8.18 9.60 5.01 8.89 15.19 2.32 3.05 6.21 0.62 6.81 3.96 7.28 7.29
 -3.96 5.44 1.12 -1.72 1.75 5.59 2.88 -1.74 10.42 3.95 -11.80 7.64 -2.31 6.22 4.55 1.81 -4.29 7.14 10.02 4.99 8.59 15.13 2.77 2.64 5.62 -0.37 6.69 3.93 7.45 6.87
 -4.91 3.29 0.31 -2.70 1.45 4.97 2.60 -1.95 9.73 3.56 -11.86 7.01 -2.58 5.03 4.68 1.15 -5.52 6.43 10.86 5.21 8.58 15.57 3.42 2.41 5.37 -1.30 7.02 4.03 8.10 6.56
